
local cfr = CFrame.new

return {{tm=0;["Torso"]={cf=cfr(1.949,.105,.182,.917,-.396,-.05,.399,.908,.128,-.005,-.137,.991);es="Linear";ed="In";};["Left Leg"]={cf=cfr(-.714,.182,-.058,.926,-.376,-.041,.377,.911,.168,-.026,-.171,.985);es="Linear";ed="In";};["Right Arm"]={cf=cfr(-.187,-.701,.008,.005,-.97,-.244,.997,-.015,.08,-.082,-.244,.966);es="Linear";ed="In";};["Handle"]={cf=cfr(0,-2.123,0,.946,-.242,.216,.231,.97,.075,-.228,-.021,.973);es="Linear";ed="In";};["Head"]={cf=cfr(0,0,.017,.921,.387,-.05,-.387,.891,-.237,-.047,.238,.97);es="Linear";ed="In";};["Right Leg"]={cf=cfr(-.162,.077,-.015,.693,.463,-.552,-.398,.885,.242,.601,.052,.797);es="Linear";ed="In";};["Left Arm"]={cf=cfr(.004,.001,-.005,.752,.229,.618,-.298,.954,.009,-.588,-.191,.786);es="Linear";ed="In";};};{tm=.017;["Right Arm"]={cf=cfr(-.187,-.701,.008,.005,-.97,-.244,.997,-.015,.08,-.082,-.244,.966);es="Linear";ed="In";};["Handle"]={cf=cfr(0,-2.123,0,.946,-.242,.216,.231,.97,.075,-.228,-.021,.973);es="Linear";ed="In";};};{tm=.033;["Right Arm"]={cf=cfr(-.187,-.701,.008,.005,-.97,-.244,.997,-.015,.08,-.082,-.244,.966);es="Linear";ed="In";};["Handle"]={cf=cfr(0,-2.123,0,.946,-.242,.216,.231,.97,.075,-.228,-.021,.973);es="Linear";ed="In";};};{tm=.05;["Torso"]={cf=cfr(1.891,.107,.204,.922,-.385,-.042,.387,.913,.13,-.011,-.136,.991);es="Linear";ed="In";};["Left Leg"]={cf=cfr(-.72,.184,-.049,.922,-.385,-.028,.384,.908,.166,-.039,-.164,.986);es="Linear";ed="In";};["Right Arm"]={cf=cfr(-.187,-.701,.008,.005,-.97,-.244,.997,-.015,.08,-.082,-.243,.966);es="Linear";ed="In";};["Handle"]={cf=cfr(0,-2.123,0,.946,-.242,.216,.231,.97,.076,-.228,-.022,.973);es="Linear";ed="In";};["Head"]={cf=cfr(0,0,.017,.925,.376,-.05,-.377,.899,-.223,-.039,.226,.973);es="Linear";ed="In";};["Right Leg"]={cf=cfr(-.141,.071,0,.694,.473,-.542,-.411,.879,.241,.591,.055,.805);es="Linear";ed="In";};["Left Arm"]={cf=cfr(.004,.001,-.006,.756,.228,.614,-.303,.953,.019,-.581,-.2,.789);es="Linear";ed="In";};};{tm=.067;["Right Arm"]={cf=cfr(-.187,-.701,.008,.005,-.97,-.243,.997,-.015,.08,-.082,-.243,.967);es="Linear";ed="In";};["Handle"]={cf=cfr(0,-2.123,0,.946,-.242,.216,.23,.97,.076,-.228,-.022,.973);es="Linear";ed="In";};};{tm=.083;["Right Arm"]={cf=cfr(-.187,-.701,.008,.005,-.97,-.243,.997,-.015,.08,-.082,-.242,.967);es="Linear";ed="In";};["Handle"]={cf=cfr(0,-2.123,0,.946,-.241,.216,.23,.97,.076,-.228,-.022,.974);es="Linear";ed="In";};};{tm=.1;["Torso"]={cf=cfr(1.813,.109,.233,.928,-.371,-.032,.372,.919,.132,-.019,-.134,.991);es="Linear";ed="In";};["Left Leg"]={cf=cfr(-.725,.187,-.036,.918,-.397,-.01,.393,.905,.165,-.056,-.155,.986);es="Linear";ed="In";};["Right Arm"]={cf=cfr(-.187,-.701,.008,.005,-.97,-.242,.997,-.015,.08,-.082,-.242,.967);es="Linear";ed="In";};["Handle"]={cf=cfr(0,-2.123,0,.946,-.241,.215,.23,.97,.077,-.227,-.023,.974);es="Linear";ed="In";};["Head"]={cf=cfr(0,0,.017,.932,.36,-.049,-.362,.909,-.206,-.03,.21,.977);es="Linear";ed="In";};["Right Leg"]={cf=cfr(-.115,.064,.015,.697,.486,-.528,-.426,.872,.24,.577,.058,.815);es="Linear";ed="In";};["Left Arm"]={cf=cfr(.004,.001,-.006,.76,.228,.608,-.31,.95,.032,-.571,-.213,.793);es="Linear";ed="In";};};{tm=.117;["Right Arm"]={cf=cfr(-.187,-.701,.008,.005,-.97,-.241,.997,-.015,.08,-.082,-.241,.967);es="Linear";ed="In";};["Handle"]={cf=cfr(0,-2.123,0,.946,-.241,.215,.229,.97,.077,-.227,-.024,.974);es="Linear";ed="In";};};{tm=.133;["Right Arm"]={cf=cfr(-.187,-.701,.008,.005,-.971,-.24,.997,-.015,.08,-.082,-.24,.967);es="Linear";ed="In";};["Handle"]={cf=cfr(0,-2.123,0,.947,-.241,.215,.229,.97,.078,-.227,-.024,.974);es="Linear";ed="In";};};{tm=.15;["Right Arm"]={cf=cfr(-.187,-.701,.008,.005,-.971,-.239,.997,-.015,.08,-.082,-.239,.968);es="Linear";ed="In";};["Handle"]={cf=cfr(0,-2.123,0,.947,-.24,.214,.229,.97,.078,-.226,-.025,.974);es="Linear";ed="In";};};{tm=.167;["Torso"]={cf=cfr(1.716,.111,.266,.936,-.352,-.021,.352,.926,.134,-.028,-.133,.991);es="Linear";ed="In";};["Left Leg"]={cf=cfr(-.73,.189,-.021,.912,-.411,.011,.404,.9,.163,-.077,-.144,.987);es="Linear";ed="In";};["Right Arm"]={cf=cfr(-.187,-.701,.008,.005,-.971,-.238,.997,-.015,.08,-.082,-.238,.968);es="Linear";ed="In";};["Handle"]={cf=cfr(0,-2.123,0,.947,-.24,.214,.228,.97,.079,-.226,-.026,.974);es="Linear";ed="In";};["Head"]={cf=cfr(0,0,.017,.939,.341,-.049,-.344,.92,-.186,-.018,.192,.981);es="Linear";ed="In";};["Right Leg"]={cf=cfr(-.087,.056,.03,.701,.499,-.51,-.442,.865,.238,.56,.059,.827);es="Linear";ed="In";};["Left Arm"]={cf=cfr(.004,.001,-.007,.766,.228,.601,-.318,.947,.046,-.558,-.227,.798);es="Linear";ed="In";};};{tm=.183;["Right Arm"]={cf=cfr(-.187,-.701,.008,.005,-.972,-.237,.997,-.015,.08,-.082,-.237,.968);es="Linear";ed="In";};["Handle"]={cf=cfr(0,-2.123,0,.947,-.24,.213,.228,.97,.08,-.226,-.027,.974);es="Linear";ed="In";};};{tm=.2;["Right Arm"]={cf=cfr(-.187,-.701,.008,.005,-.972,-.236,.997,-.014,.08,-.082,-.235,.969);es="Linear";ed="In";};["Handle"]={cf=cfr(0,-2.123,0,.947,-.239,.212,.227,.971,.08,-.225,-.028,.974);es="Linear";ed="In";};};{tm=.217;["Torso"]={cf=cfr(1.602,.113,.302,.944,-.331,-.008,.329,.934,.136,-.037,-.132,.991);es="Linear";ed="In";};["Left Leg"]={cf=cfr(-.734,.192,-.002,.904,-.425,.037,.415,.896,.161,-.101,-.13,.986);es="Linear";ed="In";};["Right Arm"]={cf=cfr(-.187,-.701,.008,.005,-.972,-.234,.997,-.014,.08,-.082,-.234,.969);es="Linear";ed="In";};["Handle"]={cf=cfr(0,-2.123,0,.948,-.239,.212,.226,.971,.081,-.225,-.029,.974);es="Linear";ed="In";};["Head"]={cf=cfr(0,0,.017,.947,.318,-.05,-.322,.932,-.165,-.006,.172,.985);es="Linear";ed="In";};["Right Leg"]={cf=cfr(-.057,.048,.044,.707,.511,-.489,-.457,.857,.236,.54,.057,.84);es="Linear";ed="In";};["Left Arm"]={cf=cfr(.004,.001,-.007,.773,.229,.592,-.327,.943,.062,-.544,-.242,.804);es="Linear";ed="In";};};{tm=.233;["Right Arm"]={cf=cfr(-.187,-.701,.008,.005,-.973,-.232,.997,-.014,.081,-.082,-.232,.969);es="Linear";ed="In";};["Handle"]={cf=cfr(0,-2.123,0,.948,-.238,.211,.226,.971,.082,-.224,-.03,.974);es="Linear";ed="In";};};{tm=.25;["Right Arm"]={cf=cfr(-.187,-.701,.008,.005,-.973,-.231,.997,-.014,.081,-.082,-.23,.97);es="Linear";ed="In";};["Handle"]={cf=cfr(0,-2.123,0,.948,-.238,.21,.225,.971,.083,-.224,-.031,.974);es="Linear";ed="In";};};{tm=.267;["Torso"]={cf=cfr(1.472,.115,.339,.952,-.306,.005,.302,.943,.138,-.047,-.13,.99);es="Linear";ed="In";};["Left Leg"]={cf=cfr(-.735,.194,.02,.895,-.44,.065,.426,.89,.159,-.128,-.115,.985);es="Linear";ed="In";};["Right Arm"]={cf=cfr(-.187,-.701,.008,.005,-.973,-.229,.997,-.014,.081,-.082,-.229,.97);es="Linear";ed="In";};["Handle"]={cf=cfr(0,-2.123,0,.949,-.237,.209,.224,.971,.084,-.223,-.033,.974);es="Linear";ed="In";};["Head"]={cf=cfr(0,0,.017,.955,.293,-.051,-.297,.944,-.142,.007,.151,.989);es="Linear";ed="In";};["Right Leg"]={cf=cfr(-.026,.04,.055,.714,.523,-.465,-.472,.85,.233,.517,.053,.854);es="Linear";ed="In";};["Left Arm"]={cf=cfr(.004,0,-.008,.781,.231,.581,-.337,.938,.079,-.527,-.257,.81);es="Linear";ed="In";};};{tm=.283;["Right Arm"]={cf=cfr(-.187,-.701,.008,.005,-.974,-.227,.997,-.014,.081,-.082,-.227,.971);es="Linear";ed="In";};["Handle"]={cf=cfr(0,-2.123,0,.949,-.237,.209,.223,.971,.085,-.223,-.034,.974);es="Linear";ed="In";};};{tm=.3;["Right Arm"]={cf=cfr(-.187,-.701,.008,.005,-.974,-.225,.997,-.014,.081,-.082,-.225,.971);es="Linear";ed="In";};["Handle"]={cf=cfr(0,-2.123,0,.949,-.236,.208,.223,.971,.086,-.222,-.036,.974);es="Linear";ed="In";};};{tm=.317;["Torso"]={cf=cfr(1.327,.116,.377,.96,-.278,.018,.273,.952,.14,-.056,-.13,.99);es="Linear";ed="In";};["Left Leg"]={cf=cfr(-.734,.196,.045,.885,-.455,.096,.438,.885,.158,-.157,-.098,.983);es="Linear";ed="In";};["Right Arm"]={cf=cfr(-.187,-.701,.008,.005,-.975,-.223,.997,-.013,.081,-.082,-.222,.972);es="Linear";ed="In";};["Handle"]={cf=cfr(0,-2.123,0,.95,-.235,.207,.222,.971,.088,-.221,-.037,.974);es="Linear";ed="In";};["Head"]={cf=cfr(0,0,.017,.963,.265,-.054,-.269,.956,-.12,.02,.13,.991);es="Linear";ed="In";};["Right Leg"]={cf=cfr(.005,.033,.064,.723,.534,-.438,-.484,.844,.23,.492,.046,.869);es="Linear";ed="In";};["Left Arm"]={cf=cfr(.005,0,-.008,.789,.235,.568,-.347,.933,.095,-.508,-.272,.818);es="Linear";ed="In";};};{tm=.333;["Right Arm"]={cf=cfr(-.187,-.701,.008,.005,-.975,-.221,.997,-.013,.081,-.082,-.22,.972);es="Linear";ed="In";};["Handle"]={cf=cfr(0,-2.123,0,.95,-.235,.206,.221,.971,.089,-.221,-.039,.975);es="Linear";ed="In";};};{tm=.35;["Right Arm"]={cf=cfr(-.187,-.701,.008,.005,-.976,-.218,.997,-.013,.081,-.082,-.218,.973);es="Linear";ed="In";};["Handle"]={cf=cfr(0,-2.123,0,.95,-.234,.205,.22,.971,.09,-.22,-.041,.975);es="Linear";ed="In";};};{tm=.367;["Torso"]={cf=cfr(1.17,.117,.413,.968,-.248,.03,.241,.96,.141,-.064,-.129,.99);es="Linear";ed="In";};["Left Leg"]={cf=cfr(-.73,.198,.071,.873,-.47,.13,.45,.879,.157,-.188,-.079,.979);es="Linear";ed="In";};["Right Arm"]={cf=cfr(-.187,-.701,.008,.005,-.976,-.216,.997,-.013,.081,-.082,-.216,.973);es="Linear";ed="In";};["Handle"]={cf=cfr(0,-2.123,0,.951,-.233,.204,.219,.971,.092,-.219,-.042,.975);es="Linear";ed="In";};["Head"]={cf=cfr(0,0,.017,.971,.234,-.057,-.239,.966,-.1,.032,.111,.993);es="Linear";ed="In";};["Right Leg"]={cf=cfr(.036,.026,.07,.734,.543,-.409,-.495,.839,.226,.466,.036,.884);es="Linear";ed="In";};["Left Arm"]={cf=cfr(.005,0,-.009,.797,.241,.554,-.357,.928,.111,-.487,-.286,.825);es="Linear";ed="In";};};{tm=.383;["Right Arm"]={cf=cfr(-.187,-.701,.008,.005,-.977,-.213,.997,-.013,.081,-.082,-.213,.974);es="Linear";ed="In";};["Handle"]={cf=cfr(0,-2.123,0,.951,-.232,.203,.218,.972,.093,-.218,-.044,.975);es="Linear";ed="In";};};{tm=.4;["Right Arm"]={cf=cfr(-.187,-.701,.008,.005,-.978,-.211,.997,-.012,.081,-.082,-.21,.974);es="Linear";ed="In";};["Handle"]={cf=cfr(0,-2.123,0,.952,-.232,.202,.217,.972,.094,-.218,-.046,.975);es="Linear";ed="In";};};{tm=.417;["Torso"]={cf=cfr(1,.118,.447,.976,-.215,.042,.207,.968,.141,-.071,-.129,.989);es="Linear";ed="In";};["Left Leg"]={cf=cfr(-.722,.199,.099,.86,-.483,.164,.461,.873,.158,-.22,-.06,.974);es="Linear";ed="In";};["Right Arm"]={cf=cfr(-.187,-.701,.008,.005,-.978,-.208,.997,-.012,.081,-.082,-.208,.975);es="Linear";ed="In";};["Handle"]={cf=cfr(0,-2.123,0,.952,-.231,.2,.215,.972,.096,-.217,-.048,.975);es="Linear";ed="In";};["Head"]={cf=cfr(0,0,.017,.978,.201,-.061,-.206,.975,-.082,.043,.093,.995);es="Linear";ed="In";};["Right Leg"]={cf=cfr(.065,.021,.073,.746,.549,-.377,-.503,.835,.222,.437,.024,.899);es="Linear";ed="In";};["Left Arm"]={cf=cfr(.005,-.001,-.009,.806,.248,.537,-.367,.922,.125,-.464,-.298,.834);es="Linear";ed="In";};};{tm=.433;["Right Arm"]={cf=cfr(-.187,-.701,.008,.005,-.979,-.205,.997,-.012,.081,-.082,-.205,.975);es="Linear";ed="In";};["Handle"]={cf=cfr(0,-2.123,0,.953,-.23,.199,.214,.972,.097,-.216,-.05,.975);es="Linear";ed="In";};};{tm=.45;["Right Arm"]={cf=cfr(-.187,-.701,.008,.005,-.979,-.203,.997,-.012,.081,-.082,-.202,.976);es="Linear";ed="In";};["Handle"]={cf=cfr(0,-2.123,0,.953,-.229,.198,.213,.972,.099,-.215,-.052,.975);es="Linear";ed="In";};};{tm=.467;["Right Arm"]={cf=cfr(-.187,-.701,.008,.005,-.98,-.2,.997,-.011,.081,-.082,-.2,.976);es="Linear";ed="In";};["Handle"]={cf=cfr(0,-2.123,0,.953,-.228,.197,.212,.972,.101,-.214,-.054,.975);es="Linear";ed="In";};};{tm=.483;["Torso"]={cf=cfr(.821,.118,.476,.982,-.18,.052,.171,.975,.141,-.076,-.13,.989);es="Linear";ed="In";};["Left Leg"]={cf=cfr(-.711,.199,.127,.845,-.496,.2,.472,.867,.159,-.253,-.04,.967);es="Linear";ed="In";};["Right Arm"]={cf=cfr(-.187,-.701,.008,.005,-.98,-.197,.997,-.011,.081,-.082,-.197,.977);es="Linear";ed="In";};["Handle"]={cf=cfr(0,-2.123,0,.954,-.227,.196,.211,.972,.102,-.213,-.056,.975);es="Linear";ed="In";};["Head"]={cf=cfr(0,0,.017,.984,.167,-.066,-.171,.983,-.068,.053,.078,.996);es="Linear";ed="In";};["Right Leg"]={cf=cfr(.093,.016,.074,.758,.553,-.344,-.509,.833,.218,.407,.01,.913);es="Linear";ed="In";};["Left Arm"]={cf=cfr(.006,-.001,-.009,.815,.258,.519,-.377,.916,.136,-.44,-.307,.844);es="Linear";ed="In";};};{tm=.5;["Right Arm"]={cf=cfr(-.187,-.701,.008,.005,-.981,-.194,.997,-.011,.081,-.082,-.194,.978);es="Linear";ed="In";};["Handle"]={cf=cfr(0,-2.123,0,.954,-.227,.194,.21,.972,.104,-.212,-.059,.975);es="Linear";ed="In";};};{tm=.517;["Right Arm"]={cf=cfr(-.187,-.701,.008,.005,-.982,-.191,.997,-.011,.081,-.082,-.191,.978);es="Linear";ed="In";};["Handle"]={cf=cfr(0,-2.123,0,.955,-.226,.193,.208,.972,.106,-.211,-.061,.975);es="Linear";ed="In";};};{tm=.533;["Torso"]={cf=cfr(.633,.118,.499,.988,-.144,.059,.134,.981,.14,-.078,-.131,.988);es="Linear";ed="In";};["Left Leg"]={cf=cfr(-.697,.199,.156,.828,-.508,.237,.482,.861,.162,-.286,-.02,.958);es="Linear";ed="In";};["Right Arm"]={cf=cfr(-.187,-.701,.008,.005,-.982,-.188,.997,-.01,.081,-.082,-.188,.979);es="Linear";ed="In";};["Handle"]={cf=cfr(0,-2.123,0,.955,-.225,.192,.207,.972,.107,-.21,-.063,.976);es="Linear";ed="In";};["Head"]={cf=cfr(0,0,.017,.989,.13,-.069,-.134,.989,-.059,.06,.068,.996);es="Linear";ed="In";};["Right Leg"]={cf=cfr(.119,.012,.072,.772,.555,-.31,-.512,.832,.213,.377,-.006,.926);es="Linear";ed="In";};["Left Arm"]={cf=cfr(.006,-.001,-.01,.823,.27,.499,-.387,.911,.145,-.416,-.313,.854);es="Linear";ed="In";};};{tm=.55;["Right Arm"]={cf=cfr(-.187,-.701,.008,.005,-.983,-.185,.997,-.01,.081,-.082,-.185,.979);es="Linear";ed="In";};["Handle"]={cf=cfr(0,-2.123,0,.956,-.224,.19,.206,.972,.109,-.21,-.065,.976);es="Linear";ed="In";};};{tm=.567;["Right Arm"]={cf=cfr(-.187,-.701,.008,.005,-.983,-.182,.997,-.01,.081,-.082,-.182,.98);es="Linear";ed="In";};["Handle"]={cf=cfr(0,-2.123,0,.956,-.223,.189,.205,.973,.111,-.209,-.067,.976);es="Linear";ed="In";};};{tm=.583;["Torso"]={cf=cfr(.438,.117,.515,.992,-.106,.063,.096,.986,.139,-.077,-.132,.988);es="Linear";ed="In";};["Left Leg"]={cf=cfr(-.679,.198,.184,.809,-.52,.273,.493,.854,.167,-.32,-.001,.947);es="Linear";ed="In";};["Right Arm"]={cf=cfr(-.187,-.701,.008,.005,-.984,-.179,.997,-.01,.081,-.082,-.178,.981);es="Linear";ed="In";};["Handle"]={cf=cfr(0,-2.123,0,.957,-.222,.188,.203,.973,.113,-.208,-.07,.976);es="Linear";ed="In";};["Head"]={cf=cfr(0,0,.017,.993,.093,-.07,-.097,.994,-.057,.065,.063,.996);es="Linear";ed="In";};["Right Leg"]={cf=cfr(.142,.01,.068,.786,.553,-.275,-.512,.833,.209,.345,-.023,.938);es="Linear";ed="In";};["Left Arm"]={cf=cfr(.007,-.001,-.01,.831,.285,.478,-.397,.906,.15,-.39,-.314,.866);es="Linear";ed="In";};};{tm=.6;["Right Arm"]={cf=cfr(-.187,-.701,.008,.005,-.984,-.175,.997,-.009,.081,-.082,-.175,.981);es="Linear";ed="In";};["Handle"]={cf=cfr(0,-2.123,0,.957,-.221,.186,.202,.973,.115,-.206,-.072,.976);es="Linear";ed="In";};};{tm=.617;["Right Arm"]={cf=cfr(-.187,-.701,.008,.005,-.985,-.172,.997,-.009,.081,-.082,-.172,.982);es="Linear";ed="In";};["Handle"]={cf=cfr(0,-2.123,0,.958,-.22,.185,.201,.973,.116,-.205,-.074,.976);es="Linear";ed="In";};};{tm=.633;["Torso"]={cf=cfr(.238,.116,.522,.996,-.068,.066,.058,.989,.137,-.075,-.133,.988);es="Linear";ed="In";};["Left Leg"]={cf=cfr(-.659,.196,.211,.789,-.531,.309,.502,.847,.174,-.354,.018,.935);es="Linear";ed="In";};["Right Arm"]={cf=cfr(-.187,-.701,.008,.005,-.986,-.169,.997,-.009,.081,-.082,-.169,.982);es="Linear";ed="In";};["Handle"]={cf=cfr(0,-2.123,0,.958,-.219,.184,.199,.973,.118,-.204,-.077,.976);es="Linear";ed="In";};["Head"]={cf=cfr(0,0,.017,.996,.054,-.071,-.058,.997,-.06,.067,.064,.996);es="Linear";ed="In";};["Right Leg"]={cf=cfr(.162,.008,.061,.801,.548,-.24,-.51,.836,.204,.312,-.041,.949);es="Linear";ed="In";};["Left Arm"]={cf=cfr(.007,-.001,-.01,.838,.302,.454,-.407,.901,.152,-.363,-.312,.878);es="Linear";ed="In";};};{tm=.65;["Right Arm"]={cf=cfr(-.187,-.701,.008,.005,-.986,-.166,.997,-.009,.081,-.082,-.166,.983);es="Linear";ed="In";};["Handle"]={cf=cfr(0,-2.123,0,.959,-.218,.182,.198,.973,.12,-.203,-.079,.976);es="Linear";ed="In";};};{tm=.667;["Right Arm"]={cf=cfr(-.187,-.701,.008,.005,-.987,-.163,.997,-.008,.081,-.082,-.163,.983);es="Linear";ed="In";};["Handle"]={cf=cfr(0,-2.123,0,.959,-.217,.181,.197,.973,.122,-.202,-.081,.976);es="Linear";ed="In";};};{tm=.683;["Torso"]={cf=cfr(.038,.114,.514,.997,-.029,.069,.019,.991,.135,-.072,-.134,.988);es="Linear";ed="In";};["Left Leg"]={cf=cfr(-.638,.195,.238,.767,-.542,.344,.511,.84,.182,-.387,.036,.921);es="Linear";ed="In";};["Right Arm"]={cf=cfr(-.187,-.701,.008,.005,-.987,-.159,.997,-.008,.081,-.082,-.159,.984);es="Linear";ed="In";};["Handle"]={cf=cfr(0,-2.123,0,.96,-.216,.18,.195,.973,.124,-.201,-.084,.976);es="Linear";ed="In";};["Head"]={cf=cfr(0,0,.017,.997,.015,-.071,-.019,.998,-.067,.07,.068,.995);es="Linear";ed="In";};["Right Leg"]={cf=cfr(.179,.007,.053,.816,.54,-.204,-.506,.84,.197,.278,-.057,.959);es="Linear";ed="In";};["Left Arm"]={cf=cfr(.008,-.002,-.01,.845,.319,.429,-.417,.896,.154,-.336,-.309,.89);es="Linear";ed="In";};};{tm=.7;["Right Arm"]={cf=cfr(-.187,-.701,.008,.005,-.988,-.156,.997,-.008,.081,-.082,-.156,.984);es="Linear";ed="In";};["Handle"]={cf=cfr(0,-2.123,0,.96,-.215,.178,.194,.973,.126,-.2,-.086,.976);es="Linear";ed="In";};};{tm=.717;["Right Arm"]={cf=cfr(-.187,-.701,.008,.005,-.988,-.153,.997,-.008,.081,-.082,-.153,.985);es="Linear";ed="In";};["Handle"]={cf=cfr(0,-2.123,0,.961,-.214,.177,.193,.973,.127,-.199,-.088,.976);es="Linear";ed="In";};};{tm=.733;["Right Arm"]={cf=cfr(-.187,-.701,.008,.005,-.989,-.15,.997,-.007,.081,-.082,-.15,.985);es="Linear";ed="In";};["Handle"]={cf=cfr(0,-2.123,0,.961,-.213,.175,.192,.973,.129,-.198,-.091,.976);es="Linear";ed="In";};};{tm=.75;["Torso"]={cf=cfr(-.162,.113,.485,.997,.009,.071,-.019,.991,.133,-.069,-.134,.989);es="Linear";ed="In";};["Left Leg"]={cf=cfr(-.615,.195,.263,.744,-.551,.378,.52,.833,.192,-.42,.054,.906);es="Linear";ed="In";};["Right Arm"]={cf=cfr(-.187,-.701,.008,.005,-.989,-.147,.997,-.007,.081,-.082,-.147,.986);es="Linear";ed="In";};["Handle"]={cf=cfr(0,-2.123,0,.962,-.212,.174,.19,.973,.131,-.197,-.093,.976);es="Linear";ed="In";};["Head"]={cf=cfr(0,0,.017,.997,-.024,-.071,.019,.997,-.077,.072,.076,.995);es="Linear";ed="In";};["Right Leg"]={cf=cfr(.192,.005,.045,.831,.53,-.169,-.501,.845,.188,.243,-.072,.967);es="Linear";ed="In";};["Left Arm"]={cf=cfr(.009,-.002,-.01,.85,.338,.404,-.428,.891,.155,-.307,-.305,.902);es="Linear";ed="In";};};{tm=.767;["Right Arm"]={cf=cfr(-.187,-.701,.008,.005,-.99,-.144,.997,-.007,.081,-.082,-.144,.986);es="Linear";ed="In";};["Handle"]={cf=cfr(0,-2.123,0,.962,-.211,.173,.189,.973,.133,-.196,-.095,.976);es="Linear";ed="In";};};{tm=.783;["Right Arm"]={cf=cfr(-.187,-.701,.008,.005,-.99,-.14,.997,-.007,.081,-.082,-.14,.987);es="Linear";ed="In";};["Handle"]={cf=cfr(0,-2.123,0,.963,-.21,.172,.188,.973,.135,-.195,-.097,.976);es="Linear";ed="In";};};{tm=.8;["Torso"]={cf=cfr(-.359,.111,.441,.996,.047,.073,-.056,.99,.131,-.066,-.134,.989);es="Linear";ed="In";};["Left Leg"]={cf=cfr(-.592,.195,.286,.719,-.56,.41,.527,.825,.202,-.452,.071,.889);es="Linear";ed="In";};["Right Arm"]={cf=cfr(-.187,-.701,.008,.005,-.99,-.137,.997,-.006,.082,-.082,-.137,.987);es="Linear";ed="In";};["Handle"]={cf=cfr(0,-2.123,0,.963,-.209,.17,.187,.973,.136,-.194,-.099,.976);es="Linear";ed="In";};["Head"]={cf=cfr(0,0,.017,.996,-.063,-.069,.057,.994,-.09,.075,.086,.993);es="Linear";ed="In";};["Right Leg"]={cf=cfr(.203,.004,.036,.845,.518,-.134,-.494,.851,.179,.207,-.085,.975);es="Linear";ed="In";};["Left Arm"]={cf=cfr(.01,-.002,-.01,.855,.356,.378,-.438,.885,.156,-.279,-.299,.913);es="Linear";ed="In";};};{tm=.817;["Right Arm"]={cf=cfr(-.187,-.701,.008,.005,-.991,-.134,.997,-.006,.082,-.082,-.134,.988);es="Linear";ed="In";};["Handle"]={cf=cfr(0,-2.123,0,.964,-.208,.169,.185,.973,.138,-.193,-.102,.976);es="Linear";ed="In";};};{tm=.833;["Right Arm"]={cf=cfr(-.187,-.701,.008,.005,-.991,-.131,.997,-.006,.082,-.082,-.131,.988);es="Linear";ed="In";};["Handle"]={cf=cfr(0,-2.123,0,.964,-.207,.168,.184,.973,.14,-.192,-.104,.976);es="Linear";ed="In";};};{tm=.85;["Torso"]={cf=cfr(-.552,.11,.386,.994,.084,.075,-.093,.987,.128,-.063,-.134,.989);es="Linear";ed="In";};["Left Leg"]={cf=cfr(-.567,.196,.307,.694,-.569,.441,.534,.818,.214,-.482,.086,.872);es="Linear";ed="In";};["Right Arm"]={cf=cfr(-.187,-.701,.008,.005,-.992,-.129,.997,-.006,.082,-.082,-.128,.988);es="Linear";ed="In";};["Handle"]={cf=cfr(0,-2.123,0,.964,-.206,.167,.183,.973,.141,-.191,-.106,.976);es="Linear";ed="In";};["Head"]={cf=cfr(0,0,.017,.993,-.1,-.066,.093,.99,-.106,.076,.099,.992);es="Linear";ed="In";};["Right Leg"]={cf=cfr(.21,.003,.026,.857,.505,-.1,-.485,.858,.169,.171,-.096,.981);es="Linear";ed="In";};["Left Arm"]={cf=cfr(.01,-.002,-.009,.858,.375,.351,-.449,.88,.156,-.251,-.291,.923);es="Linear";ed="In";};};{tm=.867;["Right Arm"]={cf=cfr(-.187,-.701,.008,.005,-.992,-.126,.997,-.005,.082,-.082,-.126,.989);es="Linear";ed="In";};["Handle"]={cf=cfr(0,-2.123,0,.965,-.205,.165,.182,.973,.143,-.19,-.108,.976);es="Linear";ed="In";};};{tm=.883;["Right Arm"]={cf=cfr(-.187,-.701,.008,.005,-.992,-.123,.997,-.005,.082,-.082,-.123,.989);es="Linear";ed="In";};["Handle"]={cf=cfr(0,-2.123,0,.965,-.204,.164,.181,.973,.145,-.189,-.11,.976);es="Linear";ed="In";};};{tm=.9;["Torso"]={cf=cfr(-.738,.108,.324,.99,.119,.076,-.128,.984,.126,-.06,-.134,.989);es="Linear";ed="In";};["Left Leg"]={cf=cfr(-.543,.197,.327,.669,-.577,.469,.539,.811,.227,-.511,.101,.853);es="Linear";ed="In";};["Right Arm"]={cf=cfr(-.187,-.701,.008,.005,-.993,-.12,.997,-.005,.082,-.082,-.12,.989);es="Linear";ed="In";};["Handle"]={cf=cfr(0,-2.123,0,.966,-.203,.163,.18,.973,.146,-.188,-.112,.976);es="Linear";ed="In";};["Head"]={cf=cfr(0,0,.017,.989,-.136,-.062,.128,.984,-.122,.078,.113,.991);es="Linear";ed="In";};["Right Leg"]={cf=cfr(.214,.002,.017,.869,.49,-.068,-.476,.865,.158,.136,-.105,.985);es="Linear";ed="In";};["Left Arm"]={cf=cfr(.011,-.002,-.009,.86,.394,.325,-.459,.875,.155,-.223,-.283,.933);es="Linear";ed="In";};};{tm=.917;["Right Arm"]={cf=cfr(-.187,-.701,.008,.005,-.993,-.117,.997,-.005,.082,-.082,-.117,.99);es="Linear";ed="In";};["Handle"]={cf=cfr(0,-2.123,0,.966,-.202,.162,.179,.973,.148,-.187,-.114,.976);es="Linear";ed="In";};};{tm=.933;["Right Arm"]={cf=cfr(-.187,-.701,.008,.005,-.993,-.115,.997,-.004,.082,-.082,-.115,.99);es="Linear";ed="In";};["Handle"]={cf=cfr(0,-2.123,0,.966,-.201,.161,.178,.973,.149,-.186,-.116,.976);es="Linear";ed="In";};};{tm=.95;["Torso"]={cf=cfr(-.916,.106,.261,.985,.152,.077,-.161,.979,.124,-.056,-.134,.989);es="Linear";ed="In";};["Left Leg"]={cf=cfr(-.519,.198,.344,.644,-.584,.495,.544,.804,.241,-.538,.114,.835);es="Linear";ed="In";};["Right Arm"]={cf=cfr(-.187,-.701,.008,.005,-.994,-.112,.997,-.004,.082,-.082,-.112,.99);es="Linear";ed="In";};["Handle"]={cf=cfr(0,-2.123,0,.967,-.2,.16,.177,.973,.151,-.186,-.117,.976);es="Linear";ed="In";};["Head"]={cf=cfr(0,0,.017,.984,-.17,-.056,.161,.977,-.14,.079,.128,.989);es="Linear";ed="In";};["Right Leg"]={cf=cfr(.215,.002,.009,.879,.475,-.037,-.465,.873,.148,.102,-.113,.988);es="Linear";ed="In";};["Left Arm"]={cf=cfr(.012,-.002,-.009,.861,.411,.299,-.469,.87,.154,-.197,-.273,.942);es="Linear";ed="In";};};{tm=.967;["Right Arm"]={cf=cfr(-.187,-.701,.008,.005,-.994,-.11,.997,-.004,.082,-.082,-.11,.991);es="Linear";ed="In";};["Handle"]={cf=cfr(0,-2.123,0,.967,-.199,.159,.176,.973,.152,-.185,-.119,.976);es="Linear";ed="In";};};{tm=.983;["Right Arm"]={cf=cfr(-.187,-.701,.008,.005,-.994,-.107,.997,-.004,.082,-.082,-.108,.991);es="Linear";ed="In";};["Handle"]={cf=cfr(0,-2.123,0,.967,-.199,.158,.175,.973,.153,-.184,-.121,.975);es="Linear";ed="In";};};{tm=1;["Right Arm"]={cf=cfr(-.187,-.701,.008,.005,-.994,-.105,.997,-.004,.082,-.082,-.105,.991);es="Linear";ed="In";};["Handle"]={cf=cfr(0,-2.123,0,.968,-.198,.157,.174,.973,.155,-.183,-.122,.975);es="Linear";ed="In";};};{tm=1.017;["Torso"]={cf=cfr(-1.084,.105,.199,.98,.183,.077,-.191,.974,.121,-.053,-.134,.99);es="Linear";ed="In";};["Left Leg"]={cf=cfr(-.495,.2,.358,.619,-.591,.518,.547,.797,.255,-.563,.125,.817);es="Linear";ed="In";};["Right Arm"]={cf=cfr(-.187,-.701,.008,.005,-.995,-.103,.997,-.003,.082,-.082,-.103,.991);es="Linear";ed="In";};["Handle"]={cf=cfr(0,-2.123,0,.968,-.197,.156,.173,.973,.156,-.182,-.124,.975);es="Linear";ed="In";};["Head"]={cf=cfr(0,0,.017,.978,-.202,-.049,.192,.969,-.157,.079,.145,.986);es="Linear";ed="In";};["Right Leg"]={cf=cfr(.214,.002,.002,.888,.459,-.008,-.454,.88,.137,.07,-.118,.991);es="Linear";ed="In";};["Left Arm"]={cf=cfr(.013,-.003,-.009,.861,.428,.274,-.478,.865,.151,-.172,-.261,.95);es="Linear";ed="In";};};{tm=1.033;["Right Arm"]={cf=cfr(-.187,-.701,.008,.005,-.995,-.101,.997,-.003,.082,-.082,-.101,.992);es="Linear";ed="In";};["Handle"]={cf=cfr(0,-2.123,0,.968,-.196,.155,.172,.972,.157,-.182,-.125,.975);es="Linear";ed="In";};};{tm=1.05;["Right Arm"]={cf=cfr(-.187,-.701,.008,.005,-.995,-.099,.997,-.003,.082,-.082,-.099,.992);es="Linear";ed="In";};["Handle"]={cf=cfr(0,-2.123,0,.968,-.196,.154,.171,.972,.158,-.181,-.127,.975);es="Linear";ed="In";};};{tm=1.067;["Torso"]={cf=cfr(-1.239,.103,.143,.974,.211,.076,-.219,.968,.119,-.049,-.133,.99);es="Linear";ed="In";};["Left Leg"]={cf=cfr(-.472,.201,.37,.595,-.597,.538,.55,.79,.27,-.586,.135,.799);es="Linear";ed="In";};["Right Arm"]={cf=cfr(-.187,-.701,.008,.005,-.995,-.097,.997,-.003,.082,-.082,-.097,.992);es="Linear";ed="In";};["Handle"]={cf=cfr(0,-2.123,0,.969,-.195,.154,.171,.972,.159,-.18,-.128,.975);es="Linear";ed="In";};["Head"]={cf=cfr(0,0,.017,.972,-.23,-.04,.22,.96,-.175,.079,.161,.984);es="Linear";ed="In";};["Right Leg"]={cf=cfr(.21,.002,-.004,.896,.444,.019,-.443,.888,.126,.039,-.121,.992);es="Linear";ed="In";};["Left Arm"]={cf=cfr(.013,-.003,-.008,.861,.444,.25,-.487,.861,.148,-.15,-.249,.957);es="Linear";ed="In";};};{tm=1.083;["Right Arm"]={cf=cfr(-.187,-.701,.008,.005,-.995,-.095,.997,-.003,.082,-.082,-.095,.992);es="Linear";ed="In";};["Handle"]={cf=cfr(0,-2.123,0,.969,-.194,.153,.17,.972,.16,-.18,-.129,.975);es="Linear";ed="In";};};{tm=1.1;["Right Arm"]={cf=cfr(-.187,-.701,.008,.005,-.996,-.094,.997,-.003,.082,-.082,-.094,.992);es="Linear";ed="In";};["Handle"]={cf=cfr(0,-2.123,0,.969,-.194,.152,.169,.972,.161,-.179,-.131,.975);es="Linear";ed="In";};};{tm=1.117;["Torso"]={cf=cfr(-1.381,.102,.099,.969,.237,.075,-.244,.963,.117,-.045,-.132,.99);es="Linear";ed="In";};["Left Leg"]={cf=cfr(-.45,.203,.379,.572,-.604,.555,.551,.784,.285,-.607,.143,.782);es="Linear";ed="In";};["Right Arm"]={cf=cfr(-.187,-.701,.008,.005,-.996,-.092,.997,-.003,.082,-.082,-.092,.992);es="Linear";ed="In";};["Handle"]={cf=cfr(0,-2.123,0,.969,-.193,.152,.169,.972,.162,-.179,-.132,.975);es="Linear";ed="In";};["Head"]={cf=cfr(0,0,.017,.966,-.256,-.031,.246,.95,-.191,.078,.177,.981);es="Linear";ed="In";};["Right Leg"]={cf=cfr(.205,.002,-.01,.902,.43,.043,-.432,.895,.116,.011,-.123,.992);es="Linear";ed="In";};["Left Arm"]={cf=cfr(.014,-.003,-.008,.859,.458,.227,-.495,.857,.143,-.129,-.235,.963);es="Linear";ed="In";};};{tm=1.133;["Right Arm"]={cf=cfr(-.187,-.701,.008,.005,-.996,-.091,.997,-.002,.082,-.082,-.091,.993);es="Linear";ed="In";};["Handle"]={cf=cfr(0,-2.123,0,.97,-.193,.151,.168,.972,.163,-.178,-.133,.975);es="Linear";ed="In";};};{tm=1.15;["Right Arm"]={cf=cfr(-.187,-.701,.008,.005,-.996,-.089,.997,-.002,.082,-.082,-.09,.993);es="Linear";ed="In";};["Handle"]={cf=cfr(0,-2.123,0,.97,-.192,.15,.168,.972,.164,-.178,-.134,.975);es="Linear";ed="In";};};{tm=1.167;["Torso"]={cf=cfr(-1.507,.101,.069,.963,.259,.074,-.266,.957,.116,-.041,-.131,.991);es="Linear";ed="In";};["Left Leg"]={cf=cfr(-.43,.204,.386,.552,-.61,.569,.552,.778,.3,-.625,.148,.766);es="Linear";ed="In";};["Right Arm"]={cf=cfr(-.187,-.701,.008,.005,-.996,-.088,.997,-.002,.082,-.082,-.088,.993);es="Linear";ed="In";};["Handle"]={cf=cfr(0,-2.123,0,.97,-.192,.15,.167,.972,.164,-.177,-.134,.975);es="Linear";ed="In";};["Head"]={cf=cfr(0,0,.017,.96,-.278,-.021,.268,.941,-.206,.076,.192,.978);es="Linear";ed="In";};["Right Leg"]={cf=cfr(.199,.002,-.013,.907,.417,.064,-.421,.901,.106,-.013,-.123,.992);es="Linear";ed="In";};["Left Arm"]={cf=cfr(.014,-.003,-.007,.858,.471,.207,-.502,.854,.136,-.112,-.221,.969);es="Linear";ed="In";};};{tm=1.183;["Right Arm"]={cf=cfr(-.187,-.701,.008,.005,-.996,-.087,.997,-.002,.082,-.082,-.087,.993);es="Linear";ed="In";};["Handle"]={cf=cfr(0,-2.123,0,.97,-.192,.15,.167,.972,.165,-.177,-.135,.975);es="Linear";ed="In";};};{tm=1.2;["Right Arm"]={cf=cfr(-.187,-.701,.008,.005,-.996,-.086,.997,-.002,.082,-.082,-.086,.993);es="Linear";ed="In";};["Handle"]={cf=cfr(0,-2.123,0,.97,-.191,.149,.166,.972,.166,-.177,-.136,.975);es="Linear";ed="In";};};{tm=1.217;["Torso"]={cf=cfr(-1.615,.1,.06,.958,.278,.071,-.285,.952,.115,-.036,-.13,.991);es="Linear";ed="In";};["Left Leg"]={cf=cfr(-.412,.206,.39,.534,-.616,.579,.551,.773,.314,-.641,.151,.752);es="Linear";ed="In";};["Right Arm"]={cf=cfr(-.187,-.701,.008,.005,-.996,-.085,.997,-.002,.082,-.082,-.085,.993);es="Linear";ed="In";};["Handle"]={cf=cfr(0,-2.123,0,.97,-.191,.149,.166,.972,.166,-.176,-.136,.975);es="Linear";ed="In";};["Head"]={cf=cfr(0,0,.017,.955,-.296,-.01,.287,.933,-.218,.074,.206,.976);es="Linear";ed="In";};["Right Leg"]={cf=cfr(.194,.001,-.016,.91,.406,.081,-.413,.906,.097,-.034,-.122,.992);es="Linear";ed="In";};["Left Arm"]={cf=cfr(.015,-.003,-.007,.856,.482,.188,-.508,.852,.128,-.098,-.205,.974);es="Linear";ed="In";};};{tm=1.233;["Right Arm"]={cf=cfr(-.187,-.701,.008,.005,-.996,-.085,.997,-.002,.082,-.082,-.085,.993);es="Linear";ed="In";};["Handle"]={cf=cfr(0,-2.123,0,.97,-.191,.149,.166,.972,.167,-.176,-.137,.975);es="Linear";ed="In";};};{tm=1.25;["Right Arm"]={cf=cfr(-.187,-.701,.008,.005,-.996,-.084,.997,-.002,.082,-.082,-.084,.993);es="Linear";ed="In";};["Handle"]={cf=cfr(0,-2.123,0,.97,-.191,.148,.165,.972,.167,-.176,-.137,.975);es="Linear";ed="In";};};{tm=1.267;["Torso"]={cf=cfr(-1.704,.1,.072,.954,.293,.068,-.299,.947,.114,-.031,-.129,.991);es="Linear";ed="In";};["Left Leg"]={cf=cfr(-.396,.206,.391,.519,-.622,.586,.549,.768,.329,-.655,.152,.74);es="Linear";ed="In";};["Right Arm"]={cf=cfr(-.187,-.701,.008,.005,-.996,-.084,.997,-.002,.082,-.082,-.084,.993);es="Linear";ed="In";};["Handle"]={cf=cfr(0,-2.123,0,.97,-.19,.148,.165,.972,.167,-.176,-.138,.975);es="Linear";ed="In";};["Head"]={cf=cfr(0,0,.017,.951,-.31,0,.302,.926,-.229,.071,.217,.974);es="Linear";ed="In";};["Right Leg"]={cf=cfr(.192,0,-.018,.912,.4,.095,-.408,.909,.089,-.051,-.12,.991);es="Linear";ed="In";};["Left Arm"]={cf=cfr(.015,-.003,-.006,.854,.491,.172,-.513,.85,.118,-.088,-.189,.978);es="Linear";ed="In";};};{tm=1.283;["Right Arm"]={cf=cfr(-.187,-.701,.008,.005,-.997,-.083,.997,-.002,.082,-.082,-.083,.993);es="Linear";ed="In";};["Handle"]={cf=cfr(0,-2.123,0,.97,-.19,.148,.165,.972,.167,-.176,-.138,.975);es="Linear";ed="In";};};{tm=1.3;["Right Arm"]={cf=cfr(-.187,-.701,.008,.005,-.997,-.083,.997,-.002,.082,-.082,-.083,.993);es="Linear";ed="In";};["Handle"]={cf=cfr(0,-2.123,0,.971,-.19,.148,.165,.972,.167,-.176,-.138,.975);es="Linear";ed="In";};};{tm=1.317;["Right Arm"]={cf=cfr(-.187,-.701,.008,.005,-.997,-.083,.997,-.002,.082,-.082,-.083,.993);es="Linear";ed="In";};["Handle"]={cf=cfr(0,-2.123,0,.971,-.19,.148,.165,.972,.167,-.176,-.138,.975);es="Linear";ed="In";};};{tm=1.333;["Torso"]={cf=cfr(-1.771,.099,.1,.95,.305,.064,-.31,.944,.114,-.026,-.128,.991);es="Linear";ed="In";};["Left Leg"]={cf=cfr(-.383,.207,.39,.508,-.628,.59,.547,.764,.342,-.666,.149,.731);es="Linear";ed="In";};["Right Arm"]={cf=cfr(-.187,-.701,.008,.005,-.997,-.083,.997,-.002,.082,-.082,-.083,.993);es="Linear";ed="In";};["Handle"]={cf=cfr(0,-2.123,0,.971,-.19,.148,.165,.972,.167,-.176,-.138,.975);es="Linear";ed="In";};["Head"]={cf=cfr(0,0,.017,.947,-.32,.009,.313,.92,-.236,.067,.227,.972);es="Linear";ed="In";};["Right Leg"]={cf=cfr(.195,-.003,-.02,.911,.398,.105,-.407,.91,.081,-.064,-.117,.991);es="Linear";ed="In";};["Left Arm"]={cf=cfr(.016,-.003,-.006,.852,.499,.159,-.517,.849,.106,-.082,-.172,.982);es="Linear";ed="In";};};{tm=1.35;["Right Arm"]={cf=cfr(-.187,-.701,.008,.005,-.997,-.083,.997,-.002,.082,-.082,-.083,.993);es="Linear";ed="In";};["Handle"]={cf=cfr(0,-2.123,0,.971,-.19,.148,.165,.972,.167,-.176,-.138,.975);es="Linear";ed="In";};};{tm=1.367;["Right Arm"]={cf=cfr(-.187,-.701,.008,.005,-.997,-.083,.997,-.002,.082,-.082,-.084,.993);es="Linear";ed="In";};["Handle"]={cf=cfr(0,-2.123,0,.97,-.19,.148,.165,.972,.167,-.176,-.138,.975);es="Linear";ed="In";};};{tm=1.383;["Torso"]={cf=cfr(-1.815,.1,.14,.948,.312,.06,-.317,.942,.114,-.021,-.127,.992);es="Linear";ed="In";};["Left Leg"]={cf=cfr(-.372,.207,.386,.5,-.633,.591,.544,.76,.355,-.674,.143,.725);es="Linear";ed="In";};["Right Arm"]={cf=cfr(-.187,-.701,.008,.005,-.996,-.084,.997,-.002,.082,-.082,-.084,.993);es="Linear";ed="In";};["Handle"]={cf=cfr(0,-2.123,0,.97,-.191,.148,.165,.972,.167,-.176,-.138,.975);es="Linear";ed="In";};["Head"]={cf=cfr(0,0,.017,.945,-.326,.017,.32,.916,-.241,.063,.233,.97);es="Linear";ed="In";};["Right Leg"]={cf=cfr(.204,-.009,-.022,.909,.402,.111,-.411,.909,.075,-.071,-.114,.991);es="Linear";ed="In";};["Left Arm"]={cf=cfr(.016,-.003,-.005,.851,.504,.148,-.519,.85,.092,-.08,-.155,.985);es="Linear";ed="In";};};{tm=1.4;["Right Arm"]={cf=cfr(-.187,-.701,.008,.005,-.996,-.084,.997,-.002,.082,-.082,-.084,.993);es="Linear";ed="In";};["Handle"]={cf=cfr(0,-2.123,0,.97,-.191,.148,.165,.972,.167,-.176,-.137,.975);es="Linear";ed="In";};};{tm=1.417;["Right Arm"]={cf=cfr(-.187,-.701,.008,.005,-.996,-.084,.997,-.002,.082,-.082,-.085,.993);es="Linear";ed="In";};["Handle"]={cf=cfr(0,-2.123,0,.97,-.191,.148,.166,.972,.167,-.176,-.137,.975);es="Linear";ed="In";};};{tm=1.433;["Torso"]={cf=cfr(-1.833,.1,.183,.948,.314,.054,-.319,.941,.115,-.015,-.126,.992);es="Linear";ed="In";};["Left Leg"]={cf=cfr(-.364,.206,.378,.497,-.639,.587,.54,.758,.367,-.68,.134,.721);es="Linear";ed="In";};["Right Arm"]={cf=cfr(-.187,-.701,.008,.005,-.996,-.085,.997,-.002,.082,-.082,-.085,.993);es="Linear";ed="In";};["Handle"]={cf=cfr(0,-2.123,0,.97,-.191,.149,.166,.972,.166,-.176,-.137,.975);es="Linear";ed="In";};["Head"]={cf=cfr(0,0,.017,.945,-.327,.024,.323,.915,-.242,.057,.236,.97);es="Linear";ed="In";};["Right Leg"]={cf=cfr(.22,-.016,-.024,.904,.412,.113,-.421,.905,.07,-.073,-.111,.991);es="Linear";ed="In";};["Left Arm"]={cf=cfr(.016,-.003,-.005,.851,.506,.142,-.519,.851,.076,-.082,-.138,.987);es="Linear";ed="In";};};{tm=1.45;["Right Arm"]={cf=cfr(-.187,-.701,.008,.005,-.996,-.086,.997,-.002,.082,-.082,-.086,.993);es="Linear";ed="In";};["Handle"]={cf=cfr(0,-2.123,0,.97,-.191,.149,.166,.972,.166,-.176,-.136,.975);es="Linear";ed="In";};};{tm=1.467;["Right Arm"]={cf=cfr(-.187,-.701,.008,.005,-.996,-.086,.997,-.002,.082,-.082,-.086,.993);es="Linear";ed="In";};["Handle"]={cf=cfr(0,-2.123,0,.97,-.191,.149,.166,.972,.166,-.177,-.136,.975);es="Linear";ed="In";};};{tm=1.483;["Torso"]={cf=cfr(-1.824,.101,.226,.949,.313,.048,-.316,.942,.116,-.009,-.125,.992);es="Linear";ed="In";};["Left Leg"]={cf=cfr(-.359,.205,.369,.499,-.643,.581,.535,.756,.378,-.682,.122,.721);es="Linear";ed="In";};["Right Arm"]={cf=cfr(-.187,-.701,.008,.005,-.996,-.087,.997,-.002,.082,-.082,-.087,.993);es="Linear";ed="In";};["Handle"]={cf=cfr(0,-2.123,0,.97,-.192,.149,.167,.972,.165,-.177,-.135,.975);es="Linear";ed="In";};["Head"]={cf=cfr(0,0,.017,.946,-.324,.029,.321,.917,-.238,.051,.234,.971);es="Linear";ed="In";};["Right Leg"]={cf=cfr(.243,-.024,-.025,.898,.427,.109,-.435,.898,.066,-.07,-.107,.992);es="Linear";ed="In";};["Left Arm"]={cf=cfr(.016,-.002,-.004,.85,.508,.138,-.519,.853,.057,-.089,-.12,.989);es="Linear";ed="In";};};{tm=1.5;["Right Arm"]={cf=cfr(-.187,-.701,.008,.005,-.996,-.088,.997,-.002,.082,-.082,-.088,.993);es="Linear";ed="In";};["Handle"]={cf=cfr(0,-2.123,0,.97,-.192,.15,.167,.972,.165,-.177,-.135,.975);es="Linear";ed="In";};};{tm=1.517;["Right Arm"]={cf=cfr(-.187,-.701,.008,.005,-.996,-.089,.997,-.002,.082,-.082,-.089,.993);es="Linear";ed="In";};["Handle"]={cf=cfr(0,-2.123,0,.97,-.192,.15,.167,.972,.164,-.178,-.134,.975);es="Linear";ed="In";};};{tm=1.533;["Torso"]={cf=cfr(-1.79,.102,.266,.951,.306,.04,-.309,.944,.117,-.002,-.124,.992);es="Linear";ed="In";};["Left Leg"]={cf=cfr(-.356,.203,.357,.505,-.647,.571,.529,.755,.387,-.682,.106,.724);es="Linear";ed="In";};["Right Arm"]={cf=cfr(-.187,-.701,.008,.005,-.996,-.09,.997,-.002,.082,-.082,-.09,.993);es="Linear";ed="In";};["Handle"]={cf=cfr(0,-2.123,0,.97,-.193,.151,.168,.972,.164,-.178,-.133,.975);es="Linear";ed="In";};["Head"]={cf=cfr(0,0,.017,.948,-.316,.032,.315,.921,-.229,.043,.227,.973);es="Linear";ed="In";};["Right Leg"]={cf=cfr(.269,-.034,-.026,.89,.445,.101,-.452,.89,.064,-.062,-.102,.993);es="Linear";ed="In";};["Left Arm"]={cf=cfr(.016,-.002,-.003,.85,.508,.135,-.517,.855,.036,-.097,-.101,.99);es="Linear";ed="In";};};{tm=1.55;["Right Arm"]={cf=cfr(-.187,-.701,.008,.005,-.996,-.091,.997,-.002,.082,-.082,-.091,.993);es="Linear";ed="In";};["Handle"]={cf=cfr(0,-2.123,0,.97,-.193,.151,.168,.972,.163,-.178,-.133,.975);es="Linear";ed="In";};};{tm=1.567;["Right Arm"]={cf=cfr(-.187,-.701,.008,.005,-.996,-.092,.997,-.003,.082,-.082,-.092,.992);es="Linear";ed="In";};["Handle"]={cf=cfr(0,-2.123,0,.969,-.193,.151,.168,.972,.162,-.179,-.132,.975);es="Linear";ed="In";};};{tm=1.583;["Right Arm"]={cf=cfr(-.187,-.701,.008,.005,-.996,-.093,.997,-.003,.082,-.082,-.093,.992);es="Linear";ed="In";};["Handle"]={cf=cfr(0,-2.123,0,.969,-.194,.152,.169,.972,.162,-.179,-.131,.975);es="Linear";ed="In";};};{tm=1.6;["Torso"]={cf=cfr(-1.732,.104,.304,.955,.296,.032,-.298,.947,.119,.005,-.123,.992);es="Linear";ed="In";};["Left Leg"]={cf=cfr(-.356,.201,.342,.516,-.65,.558,.523,.755,.395,-.678,.087,.73);es="Linear";ed="In";};["Right Arm"]={cf=cfr(-.187,-.701,.008,.005,-.996,-.094,.997,-.003,.082,-.082,-.094,.992);es="Linear";ed="In";};["Handle"]={cf=cfr(0,-2.123,0,.969,-.194,.152,.169,.972,.161,-.179,-.13,.975);es="Linear";ed="In";};["Head"]={cf=cfr(0,0,.017,.952,-.305,.033,.305,.928,-.215,.035,.215,.976);es="Linear";ed="In";};["Right Leg"]={cf=cfr(.296,-.044,-.025,.881,.464,.089,-.47,.88,.062,-.05,-.096,.994);es="Linear";ed="In";};["Left Arm"]={cf=cfr(.016,-.002,-.003,.851,.508,.135,-.515,.857,.015,-.108,-.082,.991);es="Linear";ed="In";};};{tm=1.617;["Right Arm"]={cf=cfr(-.187,-.701,.008,.005,-.995,-.095,.997,-.003,.082,-.082,-.096,.992);es="Linear";ed="In";};["Handle"]={cf=cfr(0,-2.123,0,.969,-.195,.153,.17,.972,.16,-.18,-.129,.975);es="Linear";ed="In";};};{tm=1.633;["Right Arm"]={cf=cfr(-.187,-.701,.008,.005,-.995,-.097,.997,-.003,.082,-.082,-.097,.992);es="Linear";ed="In";};["Handle"]={cf=cfr(0,-2.123,0,.969,-.195,.153,.17,.972,.16,-.18,-.128,.975);es="Linear";ed="In";};};{tm=1.65;["Torso"]={cf=cfr(-1.652,.105,.339,.959,.282,.024,-.283,.952,.121,.011,-.123,.992);es="Linear";ed="In";};["Left Leg"]={cf=cfr(-.358,.199,.326,.531,-.651,.542,.516,.756,.402,-.672,.066,.738);es="Linear";ed="In";};["Right Arm"]={cf=cfr(-.187,-.701,.008,.005,-.995,-.098,.997,-.003,.082,-.082,-.098,.992);es="Linear";ed="In";};["Handle"]={cf=cfr(0,-2.123,0,.969,-.195,.154,.171,.972,.159,-.181,-.127,.975);es="Linear";ed="In";};["Head"]={cf=cfr(0,0,.017,.956,-.29,.033,.291,.936,-.198,.026,.199,.98);es="Linear";ed="In";};["Right Leg"]={cf=cfr(.322,-.053,-.022,.872,.484,.073,-.488,.871,.061,-.034,-.089,.995);es="Linear";ed="In";};["Left Arm"]={cf=cfr(.016,-.002,-.002,.851,.508,.136,-.512,.859,-.008,-.121,-.063,.991);es="Linear";ed="In";};};{tm=1.667;["Right Arm"]={cf=cfr(-.187,-.701,.008,.005,-.995,-.1,.997,-.003,.082,-.082,-.1,.992);es="Linear";ed="In";};["Handle"]={cf=cfr(0,-2.123,0,.968,-.196,.155,.172,.972,.158,-.181,-.126,.975);es="Linear";ed="In";};};{tm=1.683;["Right Arm"]={cf=cfr(-.187,-.701,.008,.005,-.995,-.101,.997,-.003,.082,-.082,-.101,.991);es="Linear";ed="In";};["Handle"]={cf=cfr(0,-2.123,0,.968,-.197,.155,.172,.972,.157,-.182,-.125,.975);es="Linear";ed="In";};};{tm=1.7;["Torso"]={cf=cfr(-1.552,.106,.372,.964,.264,.015,-.264,.957,.123,.018,-.122,.992);es="Linear";ed="In";};["Left Leg"]={cf=cfr(-.362,.197,.309,.55,-.65,.525,.508,.759,.407,-.662,.043,.748);es="Linear";ed="In";};["Right Arm"]={cf=cfr(-.187,-.701,.008,.005,-.995,-.103,.997,-.003,.082,-.082,-.103,.991);es="Linear";ed="In";};["Handle"]={cf=cfr(0,-2.123,0,.968,-.197,.156,.173,.973,.156,-.182,-.124,.975);es="Linear";ed="In";};["Head"]={cf=cfr(0,0,.017,.962,-.272,.033,.273,.945,-.178,.018,.18,.983);es="Linear";ed="In";};["Right Leg"]={cf=cfr(.345,-.061,-.017,.863,.502,.053,-.505,.861,.061,-.015,-.079,.997);es="Linear";ed="In";};["Left Arm"]=